[gps]

longitude = 8.672434
latitude = 49.398750